,Sand Amount,Square,Perimeter
0,1,0,0
1,2,0,0
2,3,1,1
3,4,0,0
4,5,0,0
5,6,1,1
6,7,0,0
7,8,0,0
8,9,4,3
9,10,0,0
10,11,0,0
11,12,1,1
12,13,0,0
13,14,0,0
14,15,4,3
15,16,0,0
16,17,0,0
17,18,1,1
18,19,0,0
19,20,0,0
20,21,10,6
21,22,0,0
22,23,0,0
23,24,1,1
24,25,0,0
25,26,0,0
26,27,4,3
27,28,0,0
28,29,0,0
29,30,1,1
30,31,0,0
31,32,0,0
32,33,13,9
33,34,0,0
34,35,0,0
35,36,1,1
36,37,0,0
37,38,0,0
38,39,19,9
39,40,0,0
40,41,0,0
41,42,1,1
42,43,0,0
43,44,0,0
44,45,4,3
45,46,0,0
46,47,0,0
47,48,1,1
48,49,0,0
49,50,0,0
50,51,16,9
51,52,0,0
52,53,0,0
53,54,1,1
54,55,0,0
55,56,0,0
56,57,22,12
57,58,0,0
58,59,0,0
59,60,1,1
60,61,0,0
61,62,0,0
62,63,25,15
63,64,0,0
64,65,0,0
65,66,1,1
66,67,0,0
67,68,0,0
68,69,28,12
69,70,0,0
70,71,0,0
71,72,1,1
72,73,0,0
73,74,0,0
74,75,13,9
75,76,0,0
76,77,0,0
77,78,1,1
78,79,0,0
79,80,0,0
80,81,31,12
81,82,0,0
82,83,0,0
83,84,1,1
84,85,0,0
85,86,0,0
86,87,22,12
87,88,0,0
88,89,0,0
89,90,1,1
90,91,0,0
91,92,0,0
92,93,37,18
93,94,0,0
94,95,0,0
95,96,1,1
96,97,0,0
97,98,0,0
98,99,10,6
99,100,0,0
100,101,0,0
101,102,1,1
102,103,0,0
103,104,0,0
104,105,4,3
105,106,0,0
106,107,0,0
107,108,1,1
108,109,0,0
109,110,0,0
110,111,58,18
111,112,0,0
112,113,0,0
113,114,1,1
114,115,0,0
115,116,0,0
116,117,37,15
117,118,0,0
118,119,0,0
119,120,1,1
120,121,0,0
121,122,0,0
122,123,4,3
123,124,0,0
124,125,0,0
125,126,1,1
126,127,0,0
127,128,0,0
128,129,16,9
129,130,0,0
130,131,0,0
131,132,1,1
132,133,0,0
133,134,0,0
134,135,73,21
135,136,0,0
136,137,0,0
137,138,1,1
138,139,0,0
139,140,0,0
140,141,58,18
141,142,0,0
142,143,0,0
143,144,1,1
144,145,0,0
145,146,0,0
146,147,34,18
147,148,0,0
148,149,0,0
149,150,1,1
150,151,0,0
151,152,0,0
152,153,13,9
153,154,0,0
154,155,0,0
155,156,1,1
156,157,0,0
157,158,0,0
158,159,64,24
159,160,0,0
160,161,0,0
161,162,1,1
162,163,0,0
163,164,0,0
164,165,49,18
165,166,0,0
166,167,0,0
167,168,1,1
168,169,0,0
169,170,0,0
170,171,49,30
171,172,0,0
172,173,0,0
173,174,1,1
174,175,0,0
175,176,0,0
176,177,10,6
177,178,0,0
178,179,0,0
179,180,1,1
180,181,0,0
181,182,0,0
182,183,4,3
183,184,0,0
184,185,0,0
185,186,1,1
186,187,0,0
187,188,0,0
188,189,100,24
189,190,0,0
190,191,0,0
191,192,1,1
192,193,0,0
193,194,0,0
194,195,37,15
195,196,0,0
196,197,0,0
197,198,1,1
198,199,0,0
199,200,0,0
200,201,4,3
201,202,0,0
202,203,0,0
203,204,1,1
204,205,0,0
205,206,0,0
206,207,16,9
207,208,0,0
208,209,0,0
209,210,1,1
210,211,0,0
211,212,0,0
212,213,100,30
213,214,0,0
214,215,0,0
215,216,1,1
216,217,0,0
217,218,0,0
218,219,88,39
219,220,0,0
220,221,0,0
221,222,1,1
222,223,0,0
223,224,0,0
224,225,79,27
225,226,0,0
226,227,0,0
227,228,1,1
228,229,0,0
229,230,0,0
230,231,85,27
231,232,0,0
232,233,0,0
233,234,1,1
234,235,0,0
235,236,0,0
236,237,49,21
237,238,0,0
238,239,0,0
239,240,1,1
240,241,0,0
241,242,0,0
242,243,37,15
243,244,0,0
244,245,0,0
245,246,1,1
246,247,0,0
247,248,0,0
248,249,22,12
249,250,0,0
250,251,0,0
251,252,1,1
252,253,0,0
253,254,0,0
254,255,112,30
255,256,0,0
256,257,0,0
257,258,1,1
258,259,0,0
259,260,0,0
260,261,4,3
261,262,0,0
262,263,0,0
263,264,1,1
264,265,0,0
265,266,0,0
266,267,112,27
267,268,0,0
268,269,0,0
269,270,1,1
270,271,0,0
271,272,0,0
272,273,133,36
273,274,0,0
274,275,0,0
275,276,1,1
276,277,0,0
277,278,0,0
278,279,4,3
279,280,0,0
280,281,0,0
281,282,1,1
282,283,0,0
283,284,0,0
284,285,16,9
285,286,0,0
286,287,0,0
287,288,1,1
288,289,0,0
289,290,0,0
290,291,136,30
291,292,0,0
292,293,0,0
293,294,1,1
294,295,0,0
295,296,0,0
296,297,124,30
297,298,0,0
298,299,0,0
299,300,1,1
300,301,0,0
301,302,0,0
302,303,46,18
303,304,0,0
304,305,0,0
305,306,1,1
306,307,0,0
307,308,0,0
308,309,13,9
309,310,0,0
310,311,0,0
311,312,1,1
312,313,0,0
313,314,0,0
314,315,169,33
315,316,0,0
316,317,0,0
317,318,1,1
318,319,0,0
319,320,0,0
320,321,73,33
321,322,0,0
322,323,0,0
323,324,1,1
324,325,0,0
325,326,0,0
326,327,19,9
327,328,0,0
328,329,0,0
329,330,1,1
330,331,0,0
331,332,0,0
332,333,10,6
333,334,0,0
334,335,0,0
335,336,1,1
336,337,0,0
337,338,0,0
338,339,4,3
339,340,0,0
340,341,0,0
341,342,1,1
342,343,0,0
343,344,0,0
344,345,163,39
345,346,0,0
346,347,0,0
347,348,1,1
348,349,0,0
349,350,0,0
350,351,94,33
351,352,0,0
352,353,0,0
353,354,1,1
354,355,0,0
355,356,0,0
356,357,4,3
357,358,0,0
358,359,0,0
359,360,1,1
360,361,0,0
361,362,0,0
362,363,106,30
363,364,0,0
364,365,0,0
365,366,1,1
366,367,0,0
367,368,0,0
368,369,196,42
369,370,0,0
370,371,0,0
371,372,1,1
372,373,0,0
373,374,0,0
374,375,115,45
375,376,0,0
376,377,0,0
377,378,1,1
378,379,0,0
379,380,0,0
380,381,136,30
381,382,0,0
382,383,0,0
383,384,1,1
384,385,0,0
385,386,0,0
386,387,73,30
387,388,0,0
388,389,0,0
389,390,1,1
390,391,0,0
391,392,0,0
392,393,22,15
393,394,0,0
394,395,0,0
395,396,1,1
396,397,0,0
397,398,0,0
398,399,154,48
399,400,0,0
400,401,0,0
401,402,1,1
402,403,0,0
403,404,0,0
404,405,19,9
405,406,0,0
406,407,0,0
407,408,1,1
408,409,0,0
409,410,0,0
410,411,10,6
411,412,0,0
412,413,0,0
413,414,1,1
414,415,0,0
415,416,0,0
416,417,4,3
417,418,0,0
418,419,0,0
419,420,1,1
420,421,0,0
421,422,0,0
422,423,220,42
423,424,0,0
424,425,0,0
425,426,1,1
426,427,0,0
427,428,0,0
428,429,121,30
429,430,0,0
430,431,0,0
431,432,1,1
432,433,0,0
433,434,0,0
434,435,4,3
435,436,0,0
436,437,0,0
437,438,1,1
438,439,0,0
439,440,0,0
440,441,16,9
441,442,0,0
442,443,0,0
443,444,1,1
444,445,0,0
445,446,0,0
446,447,154,36
447,448,0,0
448,449,0,0
449,450,1,1
450,451,0,0
451,452,0,0
452,453,4,3
453,454,0,0
454,455,0,0
455,456,1,1
456,457,0,0
457,458,0,0
458,459,220,42
459,460,0,0
460,461,0,0
461,462,1,1
462,463,0,0
463,464,0,0
464,465,184,42
465,466,0,0
466,467,0,0
467,468,1,1
468,469,0,0
469,470,0,0
470,471,22,15
471,472,0,0
472,473,0,0
473,474,1,1
474,475,0,0
475,476,0,0
476,477,67,27
477,478,0,0
478,479,0,0
479,480,1,1
480,481,0,0
481,482,0,0
482,483,19,9
483,484,0,0
484,485,0,0
485,486,1,1
486,487,0,0
487,488,0,0
488,489,10,6
489,490,0,0
490,491,0,0
491,492,1,1
492,493,0,0
493,494,0,0
494,495,4,3
495,496,0,0
496,497,0,0
497,498,1,1
498,499,0,0
499,500,0,0
500,501,292,42
501,502,0,0
502,503,0,0
503,504,1,1
504,505,0,0
505,506,0,0
506,507,91,24
507,508,0,0
508,509,0,0
509,510,1,1
510,511,0,0
511,512,0,0
512,513,43,27
513,514,0,0
514,515,0,0
515,516,1,1
516,517,0,0
517,518,0,0
518,519,16,9
519,520,0,0
520,521,0,0
521,522,1,1
522,523,0,0
523,524,0,0
524,525,289,45
525,526,0,0
526,527,0,0
527,528,1,1
528,529,0,0
529,530,0,0
530,531,4,3
531,532,0,0
532,533,0,0
533,534,1,1
534,535,0,0
535,536,0,0
536,537,79,30
537,538,0,0
538,539,0,0
539,540,1,1
540,541,0,0
541,542,0,0
542,543,307,57
543,544,0,0
544,545,0,0
545,546,1,1
546,547,0,0
547,548,0,0
548,549,19,15
549,550,0,0
550,551,0,0
551,552,1,1
552,553,0,0
553,554,0,0
554,555,220,60
555,556,0,0
556,557,0,0
557,558,1,1
558,559,0,0
559,560,0,0
560,561,19,9
561,562,0,0
562,563,0,0
563,564,1,1
564,565,0,0
565,566,0,0
566,567,10,6
567,568,0,0
568,569,0,0
569,570,1,1
570,571,0,0
571,572,0,0
572,573,4,3
573,574,0,0
574,575,0,0
575,576,1,1
576,577,0,0
577,578,0,0
578,579,322,48
579,580,0,0
580,581,0,0
581,582,1,1
582,583,0,0
583,584,0,0
584,585,124,42
585,586,0,0
586,587,0,0
587,588,1,1
588,589,0,0
589,590,0,0
590,591,148,54
591,592,0,0
592,593,0,0
593,594,1,1
594,595,0,0
595,596,0,0
596,597,256,45
597,598,0,0
598,599,0,0
599,600,1,1
600,601,0,0
601,602,0,0
602,603,178,54
603,604,0,0
604,605,0,0
605,606,1,1
606,607,0,0
607,608,0,0
608,609,4,3
609,610,0,0
610,611,0,0
611,612,1,1
612,613,0,0
613,614,0,0
614,615,229,57
615,616,0,0
616,617,0,0
617,618,1,1
618,619,0,0
619,620,0,0
620,621,190,42
621,622,0,0
622,623,0,0
623,624,1,1
624,625,0,0
625,626,0,0
626,627,19,15
627,628,0,0
628,629,0,0
629,630,1,1
630,631,0,0
631,632,0,0
632,633,73,21
633,634,0,0
634,635,0,0
635,636,1,1
636,637,0,0
637,638,0,0
638,639,13,9
639,640,0,0
640,641,0,0
641,642,1,1
642,643,0,0
643,644,0,0
644,645,322,54
645,646,0,0
646,647,0,0
647,648,1,1
648,649,0,0
649,650,0,0
650,651,4,3
651,652,0,0
652,653,0,0
653,654,1,1
654,655,0,0
655,656,0,0
656,657,262,51
657,658,0,0
658,659,0,0
659,660,1,1
660,661,0,0
661,662,0,0
662,663,115,39
663,664,0,0
664,665,0,0
665,666,1,1
666,667,0,0
667,668,0,0
668,669,316,57
669,670,0,0
670,671,0,0
671,672,1,1
672,673,0,0
673,674,0,0
674,675,196,54
675,676,0,0
676,677,0,0
677,678,1,1
678,679,0,0
679,680,0,0
680,681,178,45
681,682,0,0
682,683,0,0
683,684,1,1
684,685,0,0
685,686,0,0
686,687,4,3
687,688,0,0
688,689,0,0
689,690,1,1
690,691,0,0
691,692,0,0
692,693,85,33
693,694,0,0
694,695,0,0
695,696,1,1
696,697,0,0
697,698,0,0
698,699,25,12
699,700,0,0
700,701,0,0
701,702,1,1
702,703,0,0
703,704,0,0
704,705,19,15
705,706,0,0
706,707,0,0
707,708,1,1
708,709,0,0
709,710,0,0
710,711,382,51
711,712,0,0
712,713,0,0
713,714,1,1
714,715,0,0
715,716,0,0
716,717,37,15
717,718,0,0
718,719,0,0
719,720,1,1
720,721,0,0
721,722,0,0
722,723,10,6
723,724,0,0
724,725,0,0
725,726,1,1
726,727,0,0
727,728,0,0
728,729,4,3
729,730,0,0
730,731,0,0
731,732,1,1
732,733,0,0
733,734,0,0
734,735,388,60
735,736,0,0
736,737,0,0
737,738,1,1
738,739,0,0
739,740,0,0
740,741,361,57
741,742,0,0
742,743,0,0
743,744,1,1
744,745,0,0
745,746,0,0
746,747,4,3
747,748,0,0
748,749,0,0
749,750,1,1
750,751,0,0
751,752,0,0
752,753,352,66
753,754,0,0
754,755,0,0
755,756,1,1
756,757,0,0
757,758,0,0
758,759,187,57
759,760,0,0
760,761,0,0
761,762,1,1
762,763,0,0
763,764,0,0
764,765,4,3
765,766,0,0
766,767,0,0
767,768,1,1
768,769,0,0
769,770,0,0
770,771,58,18
771,772,0,0
772,773,0,0
773,774,1,1
774,775,0,0
775,776,0,0
776,777,13,9
777,778,0,0
778,779,0,0
779,780,1,1
780,781,0,0
781,782,0,0
782,783,400,54
783,784,0,0
784,785,0,0
785,786,1,1
786,787,0,0
787,788,0,0
788,789,220,75
789,790,0,0
790,791,0,0
791,792,1,1
792,793,0,0
793,794,0,0
794,795,382,54
795,796,0,0
796,797,0,0
797,798,1,1
798,799,0,0
799,800,0,0
800,801,187,54
801,802,0,0
802,803,0,0
803,804,1,1
804,805,0,0
805,806,0,0
806,807,4,3
807,808,0,0
808,809,0,0
809,810,1,1
810,811,0,0
811,812,0,0
812,813,58,18
813,814,0,0
814,815,0,0
815,816,1,1
816,817,0,0
817,818,0,0
818,819,25,15
819,820,0,0
820,821,0,0
821,822,1,1
822,823,0,0
823,824,0,0
824,825,4,3
825,826,0,0
826,827,0,0
827,828,1,1
828,829,0,0
829,830,0,0
830,831,466,60
831,832,0,0
832,833,0,0
833,834,1,1
834,835,0,0
835,836,0,0
836,837,184,48
837,838,0,0
838,839,0,0
839,840,1,1
840,841,0,0
841,842,0,0
842,843,4,3
843,844,0,0
844,845,0,0
845,846,1,1
846,847,0,0
847,848,0,0
848,849,361,63
849,850,0,0
850,851,0,0
851,852,1,1
852,853,0,0
853,854,0,0
854,855,205,48
855,856,0,0
856,857,0,0
857,858,1,1
858,859,0,0
859,860,0,0
860,861,52,18
861,862,0,0
862,863,0,0
863,864,1,1
864,865,0,0
865,866,0,0
866,867,388,96
867,868,0,0
868,869,0,0
869,870,1,1
870,871,0,0
871,872,0,0
872,873,13,9
873,874,0,0
874,875,0,0
875,876,1,1
876,877,0,0
877,878,0,0
878,879,466,57
879,880,0,0
880,881,0,0
881,882,1,1
882,883,0,0
883,884,0,0
884,885,4,3
885,886,0,0
886,887,0,0
887,888,1,1
888,889,0,0
889,890,0,0
890,891,106,33
891,892,0,0
892,893,0,0
893,894,1,1
894,895,0,0
895,896,0,0
896,897,280,63
897,898,0,0
898,899,0,0
899,900,1,1
900,901,0,0
901,902,0,0
902,903,286,72
903,904,0,0
904,905,0,0
905,906,1,1
906,907,0,0
907,908,0,0
908,909,43,24
909,910,0,0
910,911,0,0
911,912,1,1
912,913,0,0
913,914,0,0
914,915,457,75
915,916,0,0
916,917,0,0
917,918,1,1
918,919,0,0
919,920,0,0
920,921,4,3
921,922,0,0
922,923,0,0
923,924,1,1
924,925,0,0
925,926,0,0
926,927,34,18
927,928,0,0
928,929,0,0
929,930,1,1
930,931,0,0
931,932,0,0
932,933,133,81
933,934,0,0
934,935,0,0
935,936,1,1
936,937,0,0
937,938,0,0
938,939,109,30
939,940,0,0
940,941,0,0
941,942,1,1
942,943,0,0
943,944,0,0
944,945,34,18
945,946,0,0
946,947,0,0
947,948,1,1
948,949,0,0
949,950,0,0
950,951,13,9
951,952,0,0
952,953,0,0
953,954,1,1
954,955,0,0
955,956,0,0
956,957,466,69
957,958,0,0
958,959,0,0
959,960,1,1
960,961,0,0
961,962,0,0
962,963,241,66
963,964,0,0
964,965,0,0
965,966,1,1
966,967,0,0
967,968,0,0
968,969,37,15
969,970,0,0
970,971,0,0
971,972,1,1
972,973,0,0
973,974,0,0
974,975,43,21
975,976,0,0
976,977,0,0
977,978,1,1
978,979,0,0
979,980,0,0
980,981,430,90
981,982,0,0
982,983,0,0
983,984,1,1
984,985,0,0
985,986,0,0
986,987,553,63
987,988,0,0
988,989,0,0
989,990,1,1
990,991,0,0
991,992,0,0
992,993,79,27
993,994,0,0
994,995,0,0
995,996,1,1
996,997,0,0
997,998,0,0
998,999,4,3
999,1000,0,0
1000,1001,0,0
1001,1002,1,1
1002,1003,0,0
1003,1004,0,0
1004,1005,37,15
1005,1006,0,0
1006,1007,0,0
1007,1008,1,1
1008,1009,0,0
1009,1010,0,0
1010,1011,13,9
1011,1012,0,0
1012,1013,0,0
1013,1014,1,1
1014,1015,0,0
1015,1016,0,0
1016,1017,355,72
1017,1018,0,0
1018,1019,0,0
1019,1020,1,1
1020,1021,0,0
1021,1022,0,0
1022,1023,523,75
1023,1024,0,0
1024,1025,0,0
1025,1026,1,1
1026,1027,0,0
1027,1028,0,0
1028,1029,139,54
1029,1030,0,0
1030,1031,0,0
1031,1032,1,1
1032,1033,0,0
1033,1034,0,0
1034,1035,121,33
1035,1036,0,0
1036,1037,0,0
1037,1038,1,1
1038,1039,0,0
1039,1040,0,0
1040,1041,4,3
1041,1042,0,0
1042,1043,0,0
1043,1044,1,1
1044,1045,0,0
1045,1046,0,0
1046,1047,568,63
1047,1048,0,0
1048,1049,0,0
1049,1050,1,1
1050,1051,0,0
1051,1052,0,0
1052,1053,91,33
1053,1054,0,0
1054,1055,0,0
1055,1056,1,1
1056,1057,0,0
1057,1058,0,0
1058,1059,4,3
1059,1060,0,0
1060,1061,0,0
1061,1062,1,1
1062,1063,0,0
1063,1064,0,0
1064,1065,58,21
1065,1066,0,0
1066,1067,0,0
1067,1068,1,1
1068,1069,0,0
1069,1070,0,0
1070,1071,415,72
1071,1072,0,0
1072,1073,0,0
1073,1074,1,1
1074,1075,0,0
1075,1076,0,0
1076,1077,4,3
1077,1078,0,0
1078,1079,0,0
1079,1080,1,1
1080,1081,0,0
1081,1082,0,0
1082,1083,46,24
1083,1084,0,0
1084,1085,0,0
1085,1086,1,1
1086,1087,0,0
1087,1088,0,0
1088,1089,55,24
1089,1090,0,0
1090,1091,0,0
1091,1092,1,1
1092,1093,0,0
1093,1094,0,0
1094,1095,595,63
1095,1096,0,0
1096,1097,0,0
1097,1098,1,1
1098,1099,0,0
1099,1100,0,0
1100,1101,283,72
1101,1102,0,0
1102,1103,0,0
1103,1104,1,1
1104,1105,0,0
1105,1106,0,0
1106,1107,88,24
1107,1108,0,0
1108,1109,0,0
1109,1110,1,1
1110,1111,0,0
1111,1112,0,0
1112,1113,133,63
1113,1114,0,0
1114,1115,0,0
1115,1116,1,1
1116,1117,0,0
1117,1118,0,0
1118,1119,4,3
1119,1120,0,0
1120,1121,0,0
1121,1122,1,1
1122,1123,0,0
1123,1124,0,0
1124,1125,178,42
1125,1126,0,0
1126,1127,0,0
1127,1128,1,1
1128,1129,0,0
1129,1130,0,0
1130,1131,16,12
1131,1132,0,0
1132,1133,0,0
1133,1134,1,1
1134,1135,0,0
1135,1136,0,0
1136,1137,367,69
1137,1138,0,0
1138,1139,0,0
1139,1140,1,1
1140,1141,0,0
1141,1142,0,0
1142,1143,532,75
1143,1144,0,0
1144,1145,0,0
1145,1146,1,1
1146,1147,0,0
1147,1148,0,0
1148,1149,22,12
1149,1150,0,0
1150,1151,0,0
1151,1152,1,1
1152,1153,0,0
1153,1154,0,0
1154,1155,4,3
1155,1156,0,0
1156,1157,0,0
1157,1158,1,1
1158,1159,0,0
1159,1160,0,0
1160,1161,73,21
1161,1162,0,0
1162,1163,0,0
1163,1164,1,1
1164,1165,0,0
1165,1166,0,0
1166,1167,31,15
1167,1168,0,0
1168,1169,0,0
1169,1170,1,1
1170,1171,0,0
1171,1172,0,0
1172,1173,322,72
1173,1174,0,0
1174,1175,0,0
1175,1176,1,1
1176,1177,0,0
1177,1178,0,0
1178,1179,16,9
1179,1180,0,0
1180,1181,0,0
1181,1182,1,1
1182,1183,0,0
1183,1184,0,0
1184,1185,277,60
1185,1186,0,0
1186,1187,0,0
1187,1188,1,1
1188,1189,0,0
1189,1190,0,0
1190,1191,25,12
1191,1192,0,0
1192,1193,0,0
1193,1194,1,1
1194,1195,0,0
1195,1196,0,0
1196,1197,4,3
1197,1198,0,0
1198,1199,0,0
1199,1200,1,1
1200,1201,0,0
1201,1202,0,0
1202,1203,721,69
1203,1204,0,0
1204,1205,0,0
1205,1206,1,1
1206,1207,0,0
1207,1208,0,0
1208,1209,13,9
1209,1210,0,0
1210,1211,0,0
1211,1212,1,1
1212,1213,0,0
1213,1214,0,0
1214,1215,76,36
1215,1216,0,0
1216,1217,0,0
1217,1218,1,1
1218,1219,0,0
1219,1220,0,0
1220,1221,451,69
1221,1222,0,0
1222,1223,0,0
1223,1224,1,1
1224,1225,0,0
1225,1226,0,0
1226,1227,22,12
1227,1228,0,0
1228,1229,0,0
1229,1230,1,1
1230,1231,0,0
1231,1232,0,0
1232,1233,4,3
1233,1234,0,0
1234,1235,0,0
1235,1236,1,1
1236,1237,0,0
1237,1238,0,0
1238,1239,517,69
1239,1240,0,0
1240,1241,0,0
1241,1242,1,1
1242,1243,0,0
1243,1244,0,0
1244,1245,364,69
1245,1246,0,0
1246,1247,0,0
1247,1248,1,1
1248,1249,0,0
1249,1250,0,0
1250,1251,37,15
1251,1252,0,0
1252,1253,0,0
1253,1254,1,1
1254,1255,0,0
1255,1256,0,0
1256,1257,16,9
1257,1258,0,0
1258,1259,0,0
1259,1260,1,1
1260,1261,0,0
1261,1262,0,0
1262,1263,760,78
1263,1264,0,0
1264,1265,0,0
1265,1266,1,1
1266,1267,0,0
1267,1268,0,0
1268,1269,187,57
1269,1270,0,0
1270,1271,0,0
1271,1272,1,1
1272,1273,0,0
1273,1274,0,0
1274,1275,4,3
1275,1276,0,0
1276,1277,0,0
1277,1278,1,1
1278,1279,0,0
1279,1280,0,0
1280,1281,376,54
1281,1282,0,0
1282,1283,0,0
1283,1284,1,1
1284,1285,0,0
1285,1286,0,0
1286,1287,10,6
1287,1288,0,0
1288,1289,0,0
1289,1290,1,1
1290,1291,0,0
1291,1292,0,0
1292,1293,4,3
1293,1294,0,0
1294,1295,0,0
1295,1296,1,1
1296,1297,0,0
1297,1298,0,0
1298,1299,490,75
1299,1300,0,0
1300,1301,0,0
1301,1302,1,1
1302,1303,0,0
1303,1304,0,0
1304,1305,22,12
1305,1306,0,0
1306,1307,0,0
1307,1308,1,1
1308,1309,0,0
1309,1310,0,0
1310,1311,4,3
1311,1312,0,0
1312,1313,0,0
1313,1314,1,1
1314,1315,0,0
1315,1316,0,0
1316,1317,547,87
1317,1318,0,0
1318,1319,0,0
1319,1320,1,1
1320,1321,0,0
1321,1322,0,0
1322,1323,25,12
1323,1324,0,0
1324,1325,0,0
1325,1326,1,1
1326,1327,0,0
1327,1328,0,0
1328,1329,745,72
1329,1330,0,0
1330,1331,0,0
1331,1332,1,1
1332,1333,0,0
1333,1334,0,0
1334,1335,94,33
1335,1336,0,0
1336,1337,0,0
1337,1338,1,1
1338,1339,0,0
1339,1340,0,0
1340,1341,40,18
1341,1342,0,0
1342,1343,0,0
1343,1344,1,1
1344,1345,0,0
1345,1346,0,0
1346,1347,37,15
1347,1348,0,0
1348,1349,0,0
1349,1350,1,1
1350,1351,0,0
1351,1352,0,0
1352,1353,601,99
1353,1354,0,0
1354,1355,0,0
1355,1356,1,1
1356,1357,0,0
1357,1358,0,0
1358,1359,37,15
1359,1360,0,0
1360,1361,0,0
1361,1362,1,1
1362,1363,0,0
1363,1364,0,0
1364,1365,13,9
1365,1366,0,0
1366,1367,0,0
1367,1368,1,1
1368,1369,0,0
1369,1370,0,0
1370,1371,499,81
1371,1372,0,0
1372,1373,0,0
1373,1374,1,1
1374,1375,0,0
1375,1376,0,0
1376,1377,142,30
1377,1378,0,0
1378,1379,0,0
1379,1380,1,1
1380,1381,0,0
1381,1382,0,0
1382,1383,22,12
1383,1384,0,0
1384,1385,0,0
1385,1386,1,1
1386,1387,0,0
1387,1388,0,0
1388,1389,4,3
1389,1390,0,0
1390,1391,0,0
1391,1392,1,1
1392,1393,0,0
1393,1394,0,0
1394,1395,67,21
1395,1396,0,0
1396,1397,0,0
1397,1398,1,1
1398,1399,0,0
1399,1400,0,0
1400,1401,775,84
1401,1402,0,0
1402,1403,0,0
1403,1404,1,1
1404,1405,0,0
1405,1406,0,0
1406,1407,559,63
1407,1408,0,0
1408,1409,0,0
1409,1410,1,1
1410,1411,0,0
1411,1412,0,0
1412,1413,58,36
1413,1414,0,0
1414,1415,0,0
1415,1416,1,1
1416,1417,0,0
1417,1418,0,0
1418,1419,361,57
1419,1420,0,0
1420,1421,0,0
1421,1422,1,1
1422,1423,0,0
1423,1424,0,0
1424,1425,97,24
1425,1426,0,0
1426,1427,0,0
1427,1428,1,1
1428,1429,0,0
1429,1430,0,0
1430,1431,97,39
1431,1432,0,0
1432,1433,0,0
1433,1434,1,1
1434,1435,0,0
1435,1436,0,0
1436,1437,37,15
1437,1438,0,0
1438,1439,0,0
1439,1440,1,1
1440,1441,0,0
1441,1442,0,0
1442,1443,13,9
1443,1444,0,0
1444,1445,0,0
1445,1446,1,1
1446,1447,0,0
1447,1448,0,0
1448,1449,592,99
1449,1450,0,0
1450,1451,0,0
1451,1452,1,1
1452,1453,0,0
1453,1454,0,0
1454,1455,88,30
1455,1456,0,0
1456,1457,0,0
1457,1458,1,1
1458,1459,0,0
1459,1460,0,0
1460,1461,838,75
1461,1462,0,0
1462,1463,0,0
1463,1464,1,1
1464,1465,0,0
1465,1466,0,0
1466,1467,4,3
1467,1468,0,0
1468,1469,0,0
1469,1470,1,1
1470,1471,0,0
1471,1472,0,0
1472,1473,223,66
1473,1474,0,0
1474,1475,0,0
1475,1476,1,1
1476,1477,0,0
1477,1478,0,0
1478,1479,556,90
1479,1480,0,0
1480,1481,0,0
1481,1482,1,1
1482,1483,0,0
1483,1484,0,0
1484,1485,67,27
1485,1486,0,0
1486,1487,0,0
1487,1488,1,1
1488,1489,0,0
1489,1490,0,0
1490,1491,16,9
1491,1492,0,0
1492,1493,0,0
1493,1494,1,1
1494,1495,0,0
1495,1496,0,0
1496,1497,13,9
1497,1498,0,0
1498,1499,0,0
1499,1500,1,1
1500,1501,0,0
1501,1502,0,0
1502,1503,493,117
1503,1504,0,0
1504,1505,0,0
1505,1506,1,1
1506,1507,0,0
1507,1508,0,0
1508,1509,685,99
1509,1510,0,0
1510,1511,0,0
1511,1512,1,1
1512,1513,0,0
1513,1514,0,0
1514,1515,316,120
1515,1516,0,0
1516,1517,0,0
1517,1518,1,1
1518,1519,0,0
1519,1520,0,0
1520,1521,10,6
1521,1522,0,0
1522,1523,0,0
1523,1524,1,1
1524,1525,0,0
1525,1526,0,0
1526,1527,4,3
1527,1528,0,0
1528,1529,0,0
1529,1530,1,1
1530,1531,0,0
1531,1532,0,0
1532,1533,724,99
1533,1534,0,0
1534,1535,0,0
1535,1536,1,1
1536,1537,0,0
1537,1538,0,0
1538,1539,172,42
1539,1540,0,0
1540,1541,0,0
1541,1542,1,1
1542,1543,0,0
1543,1544,0,0
1544,1545,4,3
1545,1546,0,0
1546,1547,0,0
1547,1548,1,1
1548,1549,0,0
1549,1550,0,0
1550,1551,232,48
1551,1552,0,0
1552,1553,0,0
1553,1554,1,1
1554,1555,0,0
1555,1556,0,0
1556,1557,130,27
1557,1558,0,0
1558,1559,0,0
1559,1560,1,1
1560,1561,0,0
1561,1562,0,0
1562,1563,340,72
1563,1564,0,0
1564,1565,0,0
1565,1566,1,1
1566,1567,0,0
1567,1568,0,0
1568,1569,52,30
1569,1570,0,0
1570,1571,0,0
1571,1572,1,1
1572,1573,0,0
1573,1574,0,0
1574,1575,13,9
1575,1576,0,0
1576,1577,0,0
1577,1578,1,1
1578,1579,0,0
1579,1580,0,0
1580,1581,373,75
1581,1582,0,0
1582,1583,0,0
1583,1584,1,1
1584,1585,0,0
1585,1586,0,0
1586,1587,748,90
1587,1588,0,0
1588,1589,0,0
1589,1590,1,1
1590,1591,0,0
1591,1592,0,0
1592,1593,352,54
1593,1594,0,0
1594,1595,0,0
1595,1596,1,1
1596,1597,0,0
1597,1598,0,0
1598,1599,10,6
1599,1600,0,0
1600,1601,0,0
1601,1602,1,1
1602,1603,0,0
1603,1604,0,0
1604,1605,4,3
1605,1606,0,0
1606,1607,0,0
1607,1608,1,1
1608,1609,0,0
1609,1610,0,0
1610,1611,913,81
1611,1612,0,0
1612,1613,0,0
1613,1614,1,1
1614,1615,0,0
1615,1616,0,0
1616,1617,22,12
1617,1618,0,0
1618,1619,0,0
1619,1620,1,1
1620,1621,0,0
1621,1622,0,0
1622,1623,4,3
1623,1624,0,0
1624,1625,0,0
1625,1626,1,1
1626,1627,0,0
1627,1628,0,0
1628,1629,811,117
1629,1630,0,0
1630,1631,0,0
1631,1632,1,1
1632,1633,0,0
1633,1634,0,0
1634,1635,220,78
1635,1636,0,0
1636,1637,0,0
1637,1638,1,1
1638,1639,0,0
1639,1640,0,0
1640,1641,37,15
1641,1642,0,0
1642,1643,0,0
1643,1644,1,1
1644,1645,0,0
1645,1646,0,0
1646,1647,16,9
1647,1648,0,0
1648,1649,0,0
1649,1650,1,1
1650,1651,0,0
1651,1652,0,0
1652,1653,13,9
1653,1654,0,0
1654,1655,0,0
1655,1656,1,1
1656,1657,0,0
1657,1658,0,0
1658,1659,265,63
1659,1660,0,0
1660,1661,0,0
1661,1662,1,1
1662,1663,0,0
1663,1664,0,0
1664,1665,940,90
1665,1666,0,0
1666,1667,0,0
1667,1668,1,1
1668,1669,0,0
1669,1670,0,0
1670,1671,151,51
1671,1672,0,0
1672,1673,0,0
1673,1674,1,1
1674,1675,0,0
1675,1676,0,0
1676,1677,124,42
1677,1678,0,0
1678,1679,0,0
1679,1680,1,1
1680,1681,0,0
1681,1682,0,0
1682,1683,4,3
1683,1684,0,0
1684,1685,0,0
1685,1686,1,1
1686,1687,0,0
1687,1688,0,0
1688,1689,115,30
1689,1690,0,0
1690,1691,0,0
1691,1692,1,1
1692,1693,0,0
1693,1694,0,0
1694,1695,19,9
1695,1696,0,0
1696,1697,0,0
1697,1698,1,1
1698,1699,0,0
1699,1700,0,0
1700,1701,4,3
1701,1702,0,0
1702,1703,0,0
1703,1704,1,1
1704,1705,0,0
1705,1706,0,0
1706,1707,748,108
1707,1708,0,0
1708,1709,0,0
1709,1710,1,1
1710,1711,0,0
1711,1712,0,0
1712,1713,319,51
1713,1714,0,0
1714,1715,0,0
1715,1716,1,1
1716,1717,0,0
1717,1718,0,0
1718,1719,427,75
1719,1720,0,0
1720,1721,0,0
1721,1722,1,1
1722,1723,0,0
1723,1724,0,0
1724,1725,370,54
1725,1726,0,0
1726,1727,0,0
1727,1728,1,1
1728,1729,0,0
1729,1730,0,0
1730,1731,13,9
1731,1732,0,0
1732,1733,0,0
1733,1734,1,1
1734,1735,0,0
1735,1736,0,0
1736,1737,976,96
1737,1738,0,0
1738,1739,0,0
1739,1740,1,1
1740,1741,0,0
1741,1742,0,0
1742,1743,331,51
1743,1744,0,0
1744,1745,0,0
1745,1746,1,1
1746,1747,0,0
1747,1748,0,0
1748,1749,151,51
1749,1750,0,0
1750,1751,0,0
1751,1752,1,1
1752,1753,0,0
1753,1754,0,0
1754,1755,10,6
1755,1756,0,0
1756,1757,0,0
1757,1758,1,1
1758,1759,0,0
1759,1760,0,0
1760,1761,4,3
1761,1762,0,0
1762,1763,0,0
1763,1764,1,1
1764,1765,0,0
1765,1766,0,0
1766,1767,457,93
1767,1768,0,0
1768,1769,0,0
1769,1770,1,1
1770,1771,0,0
1771,1772,0,0
1772,1773,790,126
1773,1774,0,0
1774,1775,0,0
1775,1776,1,1
1776,1777,0,0
1777,1778,0,0
1778,1779,4,3
1779,1780,0,0
1780,1781,0,0
1781,1782,1,1
1782,1783,0,0
1783,1784,0,0
1784,1785,16,9
1785,1786,0,0
1786,1787,0,0
1787,1788,1,1
1788,1789,0,0
1789,1790,0,0
1790,1791,805,111
1791,1792,0,0
1792,1793,0,0
1793,1794,1,1
1794,1795,0,0
1795,1796,0,0
1796,1797,73,21
1797,1798,0,0
1798,1799,0,0
1799,1800,1,1
1800,1801,0,0
1801,1802,0,0
1802,1803,880,81
1803,1804,0,0
1804,1805,0,0
1805,1806,1,1
1806,1807,0,0
1807,1808,0,0
1808,1809,13,9
1809,1810,0,0
1810,1811,0,0
1811,1812,1,1
1812,1813,0,0
1813,1814,0,0
1814,1815,70,24
1815,1816,0,0
1816,1817,0,0
1817,1818,1,1
1818,1819,0,0
1819,1820,0,0
1820,1821,427,93
1821,1822,0,0
1822,1823,0,0
1823,1824,1,1
1824,1825,0,0
1825,1826,0,0
1826,1827,28,15
1827,1828,0,0
1828,1829,0,0
1829,1830,1,1
1830,1831,0,0
1831,1832,0,0
1832,1833,541,111
1833,1834,0,0
1834,1835,0,0
1835,1836,1,1
1836,1837,0,0
1837,1838,0,0
1838,1839,4,3
1839,1840,0,0
1840,1841,0,0
1841,1842,1,1
1842,1843,0,0
1843,1844,0,0
1844,1845,799,123
1845,1846,0,0
1846,1847,0,0
1847,1848,1,1
1848,1849,0,0
1849,1850,0,0
1850,1851,19,9
1851,1852,0,0
1852,1853,0,0
1853,1854,1,1
1854,1855,0,0
1855,1856,0,0
1856,1857,4,3
1857,1858,0,0
1858,1859,0,0
1859,1860,1,1
1860,1861,0,0
1861,1862,0,0
1862,1863,1024,93
1863,1864,0,0
1864,1865,0,0
1865,1866,1,1
1866,1867,0,0
1867,1868,0,0
1868,1869,676,90
1869,1870,0,0
1870,1871,0,0
1871,1872,1,1
1872,1873,0,0
1873,1874,0,0
1874,1875,40,24
1875,1876,0,0
1876,1877,0,0
1877,1878,1,1
1878,1879,0,0
1879,1880,0,0
1880,1881,175,45
1881,1882,0,0
1882,1883,0,0
1883,1884,1,1
1884,1885,0,0
1885,1886,0,0
1886,1887,850,126
1887,1888,0,0
1888,1889,0,0
1889,1890,1,1
1890,1891,0,0
1891,1892,0,0
1892,1893,109,33
1893,1894,0,0
1894,1895,0,0
1895,1896,1,1
1896,1897,0,0
1897,1898,0,0
1898,1899,37,15
1899,1900,0,0
1900,1901,0,0
1901,1902,1,1
1902,1903,0,0
1903,1904,0,0
1904,1905,22,12
1905,1906,0,0
1906,1907,0,0
1907,1908,1,1
1908,1909,0,0
1909,1910,0,0
1910,1911,832,90
1911,1912,0,0
1912,1913,0,0
1913,1914,1,1
1914,1915,0,0
1915,1916,0,0
1916,1917,4,3
1917,1918,0,0
1918,1919,0,0
1919,1920,1,1
1920,1921,0,0
1921,1922,0,0
1922,1923,157,39
1923,1924,0,0
1924,1925,0,0
1925,1926,1,1
1926,1927,0,0
1927,1928,0,0
1928,1929,163,33
1929,1930,0,0
1930,1931,0,0
1931,1932,1,1
1932,1933,0,0
1933,1934,0,0
1934,1935,4,3
1935,1936,0,0
1936,1937,0,0
1937,1938,1,1
1938,1939,0,0
1939,1940,0,0
1940,1941,16,9
1941,1942,0,0
1942,1943,0,0
1943,1944,1,1
1944,1945,0,0
1945,1946,0,0
1946,1947,82,36
1947,1948,0,0
1948,1949,0,0
1949,1950,1,1
1950,1951,0,0
1951,1952,0,0
1952,1953,913,117
1953,1954,0,0
1954,1955,0,0
1955,1956,1,1
1956,1957,0,0
1957,1958,0,0
1958,1959,97,30
1959,1960,0,0
1960,1961,0,0
1961,1962,1,1
1962,1963,0,0
1963,1964,0,0
1964,1965,91,33
1965,1966,0,0
1966,1967,0,0
1967,1968,1,1
1968,1969,0,0
1969,1970,0,0
1970,1971,82,30
1971,1972,0,0
1972,1973,0,0
1973,1974,1,1
1974,1975,0,0
1975,1976,0,0
1976,1977,37,15
1977,1978,0,0
1978,1979,0,0
1979,1980,1,1
1980,1981,0,0
1981,1982,0,0
1982,1983,19,9
1983,1984,0,0
1984,1985,0,0
1985,1986,1,1
1986,1987,0,0
1987,1988,0,0
1988,1989,10,6
1989,1990,0,0
1990,1991,0,0
1991,1992,1,1
1992,1993,0,0
1993,1994,0,0
1994,1995,4,3
1995,1996,0,0
1996,1997,0,0
1997,1998,1,1
1998,1999,0,0
1999,2000,0,0
2000,2001,1189,96
2001,2002,0,0
2002,2003,0,0
2003,2004,1,1
2004,2005,0,0
2005,2006,0,0
2006,2007,64,24
2007,2008,0,0
2008,2009,0,0
2009,2010,1,1
2010,2011,0,0
2011,2012,0,0
2012,2013,4,3
2013,2014,0,0
2014,2015,0,0
2015,2016,1,1
2016,2017,0,0
2017,2018,0,0
2018,2019,16,9
2019,2020,0,0
2020,2021,0,0
2021,2022,1,1
2022,2023,0,0
2023,2024,0,0
2024,2025,481,63
2025,2026,0,0
2026,2027,0,0
2027,2028,1,1
2028,2029,0,0
2029,2030,0,0
2030,2031,586,141
2031,2032,0,0
2032,2033,0,0
2033,2034,1,1
2034,2035,0,0
2035,2036,0,0
2036,2037,1033,117
2037,2038,0,0
2038,2039,0,0
2039,2040,1,1
2040,2041,0,0
2041,2042,0,0
2042,2043,37,21
2043,2044,0,0
2044,2045,0,0
2045,2046,1,1
2046,2047,0,0
2047,2048,0,0
2048,2049,22,15
2049,2050,0,0
2050,2051,0,0
2051,2052,1,1
2052,2053,0,0
2053,2054,0,0
2054,2055,241,39
2055,2056,0,0
2056,2057,0,0
2057,2058,1,1
2058,2059,0,0
2059,2060,0,0
2060,2061,19,9
2061,2062,0,0
2062,2063,0,0
2063,2064,1,1
2064,2065,0,0
2065,2066,0,0
2066,2067,10,6
2067,2068,0,0
2068,2069,0,0
2069,2070,1,1
2070,2071,0,0
2071,2072,0,0
2072,2073,4,3
2073,2074,0,0
2074,2075,0,0
2075,2076,1,1
2076,2077,0,0
2077,2078,0,0
2078,2079,1036,114
2079,2080,0,0
2080,2081,0,0
2081,2082,1,1
2082,2083,0,0
2083,2084,0,0
2084,2085,343,63
2085,2086,0,0
2086,2087,0,0
2087,2088,1,1
2088,2089,0,0
2089,2090,0,0
2090,2091,4,3
2091,2092,0,0
2092,2093,0,0
2093,2094,1,1
2094,2095,0,0
2095,2096,0,0
2096,2097,16,9
2097,2098,0,0
2098,2099,0,0
2099,2100,1,1
2100,2101,0,0
2101,2102,0,0
2102,2103,1174,108
2103,2104,0,0
2104,2105,0,0
2105,2106,1,1
2106,2107,0,0
2107,2108,0,0
2108,2109,4,3
2109,2110,0,0
2110,2111,0,0
2111,2112,1,1
2112,2113,0,0
2113,2114,0,0
2114,2115,1018,102
2115,2116,0,0
2116,2117,0,0
2117,2118,1,1
2118,2119,0,0
2119,2120,0,0
2120,2121,322,60
2121,2122,0,0
2122,2123,0,0
2123,2124,1,1
2124,2125,0,0
2125,2126,0,0
2126,2127,19,15
2127,2128,0,0
2128,2129,0,0
2129,2130,1,1
2130,2131,0,0
2131,2132,0,0
2132,2133,43,15
2133,2134,0,0
2134,2135,0,0
2135,2136,1,1
2136,2137,0,0
2137,2138,0,0
2138,2139,724,108
2139,2140,0,0
2140,2141,0,0
2141,2142,1,1
2142,2143,0,0
2143,2144,0,0
2144,2145,10,6
2145,2146,0,0
2146,2147,0,0
2147,2148,1,1
2148,2149,0,0
2149,2150,0,0
2150,2151,4,3
2151,2152,0,0
2152,2153,0,0
2153,2154,1,1
2154,2155,0,0
2155,2156,0,0
2156,2157,40,15
2157,2158,0,0
2158,2159,0,0
2159,2160,1,1
2160,2161,0,0
2161,2162,0,0
2162,2163,1192,96
2163,2164,0,0
2164,2165,0,0
2165,2166,1,1
2166,2167,0,0
2167,2168,0,0
2168,2169,415,108
2169,2170,0,0
2170,2171,0,0
2171,2172,1,1
2172,2173,0,0
2173,2174,0,0
2174,2175,16,9
2175,2176,0,0
2176,2177,0,0
2177,2178,1,1
2178,2179,0,0
2179,2180,0,0
2180,2181,544,120
2181,2182,0,0
2182,2183,0,0
2183,2184,1,1
2184,2185,0,0
2185,2186,0,0
2186,2187,4,3
2187,2188,0,0
2188,2189,0,0
2189,2190,1,1
2190,2191,0,0
2191,2192,0,0
2192,2193,616,75
2193,2194,0,0
2194,2195,0,0
2195,2196,1,1
2196,2197,0,0
2197,2198,0,0
2198,2199,760,102
2199,2200,0,0
2200,2201,0,0
2201,2202,1,1
2202,2203,0,0
2203,2204,0,0
2204,2205,19,15
2205,2206,0,0
2206,2207,0,0
2207,2208,1,1
2208,2209,0,0
2209,2210,0,0
2210,2211,532,126
2211,2212,0,0
2212,2213,0,0
2213,2214,1,1
2214,2215,0,0
2215,2216,0,0
2216,2217,19,9
2217,2218,0,0
2218,2219,0,0
2219,2220,1,1
2220,2221,0,0
2221,2222,0,0
2222,2223,10,6
2223,2224,0,0
2224,2225,0,0
2225,2226,1,1
2226,2227,0,0
2227,2228,0,0
2228,2229,4,3
2229,2230,0,0
2230,2231,0,0
2231,2232,1,1
2232,2233,0,0
2233,2234,0,0
2234,2235,1222,105
2235,2236,0,0
2236,2237,0,0
2237,2238,1,1
2238,2239,0,0
2239,2240,0,0
2240,2241,1204,108
2241,2242,0,0
2242,2243,0,0
2243,2244,1,1
2244,2245,0,0
2245,2246,0,0
2246,2247,871,123
2247,2248,0,0
2248,2249,0,0
2249,2250,1,1
2250,2251,0,0
2251,2252,0,0
2252,2253,175,33
2253,2254,0,0
2254,2255,0,0
2255,2256,1,1
2256,2257,0,0
2257,2258,0,0
2258,2259,361,108
2259,2260,0,0
2260,2261,0,0
2261,2262,1,1
2262,2263,0,0
2263,2264,0,0
2264,2265,4,3
2265,2266,0,0
2266,2267,0,0
2267,2268,1,1
2268,2269,0,0
2269,2270,0,0
2270,2271,901,117
2271,2272,0,0
2272,2273,0,0
2273,2274,1,1
2274,2275,0,0
2275,2276,0,0
2276,2277,664,102
2277,2278,0,0
2278,2279,0,0
2279,2280,1,1
2280,2281,0,0
2281,2282,0,0
2282,2283,19,15
2283,2284,0,0
2284,2285,0,0
2285,2286,1,1
2286,2287,0,0
2287,2288,0,0
2288,2289,688,81
2289,2290,0,0
2290,2291,0,0
2291,2292,1,1
2292,2293,0,0
2293,2294,0,0
2294,2295,844,150
2295,2296,0,0
2296,2297,0,0
2297,2298,1,1
2298,2299,0,0
2299,2300,0,0
2300,2301,10,6
2301,2302,0,0
2302,2303,0,0
2303,2304,1,1
2304,2305,0,0
2305,2306,0,0
2306,2307,4,3
2307,2308,0,0
2308,2309,0,0
2309,2310,1,1
2310,2311,0,0
2311,2312,0,0
2312,2313,319,45
2313,2314,0,0
2314,2315,0,0
2315,2316,1,1
2316,2317,0,0
2317,2318,0,0
2318,2319,94,24
2319,2320,0,0
2320,2321,0,0
2321,2322,1,1
2322,2323,0,0
2323,2324,0,0
2324,2325,4,3
2325,2326,0,0
2326,2327,0,0
2327,2328,1,1
2328,2329,0,0
2329,2330,0,0
2330,2331,1282,111
2331,2332,0,0
2332,2333,0,0
2333,2334,1,1
2334,2335,0,0
2335,2336,0,0
2336,2337,172,36
2337,2338,0,0
2338,2339,0,0
2339,2340,1,1
2340,2341,0,0
2341,2342,0,0
2342,2343,4,3
2343,2344,0,0
2344,2345,0,0
2345,2346,1,1
2346,2347,0,0
2347,2348,0,0
2348,2349,379,63
2349,2350,0,0
2350,2351,0,0
2351,2352,1,1
2352,2353,0,0
2353,2354,0,0
2354,2355,13,9
2355,2356,0,0
2356,2357,0,0
2357,2358,1,1
2358,2359,0,0
2359,2360,0,0
2360,2361,82,33
2361,2362,0,0
2362,2363,0,0
2363,2364,1,1
2364,2365,0,0
2365,2366,0,0
2366,2367,943,99
2367,2368,0,0
2368,2369,0,0
2369,2370,1,1
2370,2371,0,0
2371,2372,0,0
2372,2373,13,9
2373,2374,0,0
2374,2375,0,0
2375,2376,1,1
2376,2377,0,0
2377,2378,0,0
2378,2379,946,102
2379,2380,0,0
2380,2381,0,0
2381,2382,1,1
2382,2383,0,0
2383,2384,0,0
2384,2385,4,3
2385,2386,0,0
2386,2387,0,0
2387,2388,1,1
2388,2389,0,0
2389,2390,0,0
2390,2391,124,30
2391,2392,0,0
2392,2393,0,0
2393,2394,1,1
2394,2395,0,0
2395,2396,0,0
2396,2397,1375,108
2397,2398,0,0
2398,2399,0,0
2399,2400,1,1
2400,2401,0,0
2401,2402,0,0
2402,2403,4,3
2403,2404,0,0
2404,2405,0,0
2405,2406,1,1
2406,2407,0,0
2407,2408,0,0
2408,2409,448,81
2409,2410,0,0
2410,2411,0,0
2411,2412,1,1
2412,2413,0,0
2413,2414,0,0
2414,2415,58,18
2415,2416,0,0
2416,2417,0,0
2417,2418,1,1
2418,2419,0,0
2419,2420,0,0
2420,2421,4,3
2421,2422,0,0
2422,2423,0,0
2423,2424,1,1
2424,2425,0,0
2425,2426,0,0
2426,2427,52,18
2427,2428,0,0
2428,2429,0,0
2429,2430,1,1
2430,2431,0,0
2431,2432,0,0
2432,2433,13,9
2433,2434,0,0
2434,2435,0,0
2435,2436,1,1
2436,2437,0,0
2437,2438,0,0
2438,2439,925,135
2439,2440,0,0
2440,2441,0,0
2441,2442,1,1
2442,2443,0,0
2443,2444,0,0
2444,2445,592,132
2445,2446,0,0
2446,2447,0,0
2447,2448,1,1
2448,2449,0,0
2449,2450,0,0
2450,2451,1354,120
2451,2452,0,0
2452,2453,0,0
2453,2454,1,1
2454,2455,0,0
2455,2456,0,0
2456,2457,640,90
2457,2458,0,0
2458,2459,0,0
2459,2460,1,1
2460,2461,0,0
2461,2462,0,0
2462,2463,4,3
2463,2464,0,0
2464,2465,0,0
2465,2466,1,1
2466,2467,0,0
2467,2468,0,0
2468,2469,139,33
2469,2470,0,0
2470,2471,0,0
2471,2472,1,1
2472,2473,0,0
2473,2474,0,0
2474,2475,25,15
2475,2476,0,0
2476,2477,0,0
2477,2478,1,1
2478,2479,0,0
2479,2480,0,0
2480,2481,4,3
2481,2482,0,0
2482,2483,0,0
2483,2484,1,1
2484,2485,0,0
2485,2486,0,0
2486,2487,838,114
2487,2488,0,0
2488,2489,0,0
2489,2490,1,1
2490,2491,0,0
2491,2492,0,0
2492,2493,379,87
2493,2494,0,0
2494,2495,0,0
2495,2496,1,1
2496,2497,0,0
2497,2498,0,0
2498,2499,4,3
2499,2500,0,0
2500,2501,0,0
2501,2502,1,1
2502,2503,0,0
2503,2504,0,0
2504,2505,1027,153
2505,2506,0,0
2506,2507,0,0
2507,2508,1,1
2508,2509,0,0
2509,2510,0,0
2510,2511,1309,147
2511,2512,0,0
2512,2513,0,0
2513,2514,1,1
2514,2515,0,0
2515,2516,0,0
2516,2517,136,42
2517,2518,0,0
2518,2519,0,0
2519,2520,1,1
2520,2521,0,0
2521,2522,0,0
2522,2523,166,48
2523,2524,0,0
2524,2525,0,0
2525,2526,1,1
2526,2527,0,0
2527,2528,0,0
2528,2529,1258,126
2529,2530,0,0
2530,2531,0,0
2531,2532,1,1
2532,2533,0,0
2533,2534,0,0
2534,2535,58,18
2535,2536,0,0
2536,2537,0,0
2537,2538,1,1
2538,2539,0,0
2539,2540,0,0
2540,2541,4,3
2541,2542,0,0
2542,2543,0,0
2543,2544,1,1
2544,2545,0,0
2545,2546,0,0
2546,2547,37,15
2547,2548,0,0
2548,2549,0,0
2549,2550,1,1
2550,2551,0,0
2551,2552,0,0
2552,2553,253,45
2553,2554,0,0
2554,2555,0,0
2555,2556,1,1
2556,2557,0,0
2557,2558,0,0
2558,2559,358,60
2559,2560,0,0
2560,2561,0,0
2561,2562,1,1
2562,2563,0,0
2563,2564,0,0
2564,2565,43,24
2565,2566,0,0
2566,2567,0,0
2567,2568,1,1
2568,2569,0,0
2569,2570,0,0
2570,2571,319,51
2571,2572,0,0
2572,2573,0,0
2573,2574,1,1
2574,2575,0,0
2575,2576,0,0
2576,2577,4,3
2577,2578,0,0
2578,2579,0,0
2579,2580,1,1
2580,2581,0,0
2581,2582,0,0
2582,2583,34,18
2583,2584,0,0
2584,2585,0,0
2585,2586,1,1
2586,2587,0,0
2587,2588,0,0
2588,2589,1504,117
2589,2590,0,0
2590,2591,0,0
2591,2592,1,1
2592,2593,0,0
2593,2594,0,0
2594,2595,1243,111
2595,2596,0,0
2596,2597,0,0
2597,2598,1,1
2598,2599,0,0
2599,2600,0,0
2600,2601,289,81
2601,2602,0,0
2602,2603,0,0
2603,2604,1,1
2604,2605,0,0
2605,2606,0,0
2606,2607,49,21
2607,2608,0,0
2608,2609,0,0
2609,2610,1,1
2610,2611,0,0
2611,2612,0,0
2612,2613,181,51
2613,2614,0,0
2614,2615,0,0
2615,2616,1,1
2616,2617,0,0
2617,2618,0,0
2618,2619,4,3
2619,2620,0,0
2620,2621,0,0
2621,2622,1,1
2622,2623,0,0
2623,2624,0,0
2624,2625,1258,120
2625,2626,0,0
2626,2627,0,0
2627,2628,1,1
2628,2629,0,0
2629,2630,0,0
2630,2631,118,36
2631,2632,0,0
2632,2633,0,0
2633,2634,1,1
2634,2635,0,0
2635,2636,0,0
2636,2637,4,3
2637,2638,0,0
2638,2639,0,0
2639,2640,1,1
2640,2641,0,0
2641,2642,0,0
2642,2643,340,87
2643,2644,0,0
2644,2645,0,0
2645,2646,1,1
2646,2647,0,0
2647,2648,0,0
2648,2649,130,36
2649,2650,0,0
2650,2651,0,0
2651,2652,1,1
2652,2653,0,0
2653,2654,0,0
2654,2655,4,3
2655,2656,0,0
2656,2657,0,0
2657,2658,1,1
2658,2659,0,0
2659,2660,0,0
2660,2661,52,30
2661,2662,0,0
2662,2663,0,0
2663,2664,1,1
2664,2665,0,0
2665,2666,0,0
2666,2667,358,72
2667,2668,0,0
2668,2669,0,0
2669,2670,1,1
2670,2671,0,0
2671,2672,0,0
2672,2673,1558,108
2673,2674,0,0
2674,2675,0,0
2675,2676,1,1
2676,2677,0,0
2677,2678,0,0
2678,2679,118,27
2679,2680,0,0
2680,2681,0,0
2681,2682,1,1
2682,2683,0,0
2683,2684,0,0
2684,2685,73,21
2685,2686,0,0
2686,2687,0,0
2687,2688,1,1
2688,2689,0,0
2689,2690,0,0
2690,2691,25,12
2691,2692,0,0
2692,2693,0,0
2693,2694,1,1
2694,2695,0,0
2695,2696,0,0
2696,2697,4,3
2697,2698,0,0
2698,2699,0,0
2699,2700,1,1
2700,2701,0,0
2701,2702,0,0
2702,2703,1126,156
2703,2704,0,0
2704,2705,0,0
2705,2706,1,1
2706,2707,0,0
2707,2708,0,0
2708,2709,16,12
2709,2710,0,0
2710,2711,0,0
2711,2712,1,1
2712,2713,0,0
2713,2714,0,0
2714,2715,1111,135
2715,2716,0,0
2716,2717,0,0
2717,2718,1,1
2718,2719,0,0
2719,2720,0,0
2720,2721,58,21
2721,2722,0,0
2722,2723,0,0
2723,2724,1,1
2724,2725,0,0
2725,2726,0,0
2726,2727,238,42
2727,2728,0,0
2728,2729,0,0
2729,2730,1,1
2730,2731,0,0
2731,2732,0,0
2732,2733,4,3
2733,2734,0,0
2734,2735,0,0
2735,2736,1,1
2736,2737,0,0
2737,2738,0,0
2738,2739,100,42
2739,2740,0,0
2740,2741,0,0
2741,2742,1,1
2742,2743,0,0
2743,2744,0,0
2744,2745,136,45
2745,2746,0,0
2746,2747,0,0
2747,2748,1,1
2748,2749,0,0
2749,2750,0,0
2750,2751,1588,132
2751,2752,0,0
2752,2753,0,0
2753,2754,1,1
2754,2755,0,0
2755,2756,0,0
2756,2757,16,9
2757,2758,0,0
2758,2759,0,0
2759,2760,1,1
2760,2761,0,0
2761,2762,0,0
2762,2763,136,33
2763,2764,0,0
2764,2765,0,0
2765,2766,1,1
2766,2767,0,0
2767,2768,0,0
2768,2769,25,12
2769,2770,0,0
2770,2771,0,0
2771,2772,1,1
2772,2773,0,0
2773,2774,0,0
2774,2775,4,3
2775,2776,0,0
2776,2777,0,0
2777,2778,1,1
2778,2779,0,0
2779,2780,0,0
2780,2781,118,33
2781,2782,0,0
2782,2783,0,0
2783,2784,1,1
2784,2785,0,0
2785,2786,0,0
2786,2787,10,6
2787,2788,0,0
2788,2789,0,0
2789,2790,1,1
2790,2791,0,0
2791,2792,0,0
2792,2793,4,3
2793,2794,0,0
2794,2795,0,0
2795,2796,1,1
2796,2797,0,0
2797,2798,0,0
2798,2799,1435,117
2799,2800,0,0
2800,2801,0,0
2801,2802,1,1
2802,2803,0,0
2803,2804,0,0
2804,2805,22,12
2805,2806,0,0
2806,2807,0,0
2807,2808,1,1
2808,2809,0,0
2809,2810,0,0
2810,2811,4,3
2811,2812,0,0
2812,2813,0,0
2813,2814,1,1
2814,2815,0,0
2815,2816,0,0
2816,2817,796,93
2817,2818,0,0
2818,2819,0,0
2819,2820,1,1
2820,2821,0,0
2821,2822,0,0
2822,2823,544,69
2823,2824,0,0
2824,2825,0,0
2825,2826,1,1
2826,2827,0,0
2827,2828,0,0
2828,2829,37,15
2829,2830,0,0
2830,2831,0,0
2831,2832,1,1
2832,2833,0,0
2833,2834,0,0
2834,2835,16,9
2835,2836,0,0
2836,2837,0,0
2837,2838,1,1
2838,2839,0,0
2839,2840,0,0
2840,2841,1108,132
2841,2842,0,0
2842,2843,0,0
2843,2844,1,1
2844,2845,0,0
2845,2846,0,0
2846,2847,25,12
2847,2848,0,0
2848,2849,0,0
2849,2850,1,1
2850,2851,0,0
2851,2852,0,0
2852,2853,4,3
2853,2854,0,0
2854,2855,0,0
2855,2856,1,1
2856,2857,0,0
2857,2858,0,0
2858,2859,448,90
2859,2860,0,0
2860,2861,0,0
2861,2862,1,1
2862,2863,0,0
2863,2864,0,0
2864,2865,727,87
2865,2866,0,0
2866,2867,0,0
2867,2868,1,1
2868,2869,0,0
2869,2870,0,0
2870,2871,874,144
2871,2872,0,0
2872,2873,0,0
2873,2874,1,1
2874,2875,0,0
2875,2876,0,0
2876,2877,739,111
2877,2878,0,0
2878,2879,0,0
2879,2880,1,1
2880,2881,0,0
2881,2882,0,0
2882,2883,22,12
2883,2884,0,0
2884,2885,0,0
2885,2886,1,1
2886,2887,0,0
2887,2888,0,0
2888,2889,4,3
2889,2890,0,0
2890,2891,0,0
2891,2892,1,1
2892,2893,0,0
2893,2894,0,0
2894,2895,43,21
2895,2896,0,0
2896,2897,0,0
2897,2898,1,1
2898,2899,0,0
2899,2900,0,0
2900,2901,1657,123
2901,2902,0,0
2902,2903,0,0
2903,2904,1,1
2904,2905,0,0
2905,2906,0,0
2906,2907,25,15
2907,2908,0,0
2908,2909,0,0
2909,2910,1,1
2910,2911,0,0
2911,2912,0,0
2912,2913,349,78
2913,2914,0,0
2914,2915,0,0
2915,2916,1,1
2916,2917,0,0
2917,2918,0,0
